0.0 1.1713975477972052e-5 -8.812785905097516e-5 0.9999999960481317 -3.362901344782444e-5 0.00029696740300761055 0.9999999553397244 4.2305441310071496e-5 -0.0004650842879262978 0.9999998909534215 -3.9547500898057325e-5 0.00016531293332633005 0.9999999855538145 4.9958568038886834e-5 -0.0005067007818972362 0.9999998703792211 -5.584079100123737e-5 0.000464524460817815 0.9999998905494097 5.2058743785984045e-5 -0.00040099233559499317 0.9999999182475137 -4.189827091230588e-5 0.0004472163428057336 0.9999998991210338 2.371797241536185e-5 -8.308195336979378e-5 0.9999999962674234 -7.821333183893236e-6 0.0001699660993292768 0.9999999855251759
0.1 4.68472644268511e-5 -0.0001705978849357416 0.9999999843508476 -0.00013661615682540557 0.0005792708283727778 0.9999998228906508 0.00017033707690722273 -0.000910416044031225 0.9999995710638615 -0.00015905808253095034 0.0003092554585065382 0.9999999395307921 0.000201713961138874 -0.0009889145506815115 0.999999490679615 -0.0002251663348629588 0.000902305869334837 0.9999995675720265 0.0002095616366686631 -0.0007767887695408076 0.9999996763415117 -0.0001693086517228702 0.0008744356147459484 0.9999996033483893 9.475721298068073e-5 -0.00015421249775642864 0.9999999836197879 -3.1106074734638965e-5 0.0003359018701146174 0.9999999431011712
0.2 0.000103523998448112 -0.00024176404004996633 0.9999999654164647 -0.0003039666575987842 0.0008329310132445027 0.999999606915022 0.00037704861068642634 -0.0013164829468983719 0.9999990623530585 -0.000350438590309674 0.0004108363558531403 0.9999998542031311 0.0004461892303288537 -0.0014224937791083687 0.9999988887126922 -0.0004983426492447202 0.0012869635974691119 0.999999047689198 0.0004634645802965076 -0.001102567884809728 0.9999992847720655 -0.000375005594069465 0.0012618928265280397 0.9999991334982741 0.0002087034832093683 -0.00020155761572941623 0.999999957908691 -6.838361601430504e-5 0.0004929736097555266 0.999999876150343
0.3 0.00017869425868924992 -0.0002963147191427833 0.9999999401329728 -0.0005274994491896416 0.0010478639390931787 0.9999993118625116 0.0006510286462424688 -0.0016659926358515707 0.99999840031384 -0.0006005016660015658 0.00045172462291579303 0.9999997176712672 0.0007685845581539386 -0.0017862567732625579 0.9999981092804711 -0.0008596512224939139 0.0015952049908525292 0.9999983581590587 0.0007990106174174023 -0.0013563871454369155 0.9999987608972047 -0.0006471685001459123 0.0015920763485553209 0.9999985232318261 0.0003582694169416641 -0.00021413203928695725 0.9999999128952435 -0.00011726755634727068 0.0006338285185610044 0.9999997922548431
0.4 0.0002683433609824723 -0.0003291453913459095 0.999999909827572 -0.000796340795341157 0.001220856609327161 0.9999989376746744 0.0009773822291547327 -0.001944784002461559 0.9999976312667755 -0.0008917692369677489 0.0004174480955957522 0.9999995152422403 0.0011492783364751003 -0.002063316530719048 0.9999972109382104 -0.001288215815562558 0.0018082120328838066 0.9999975354315914 0.0011965785693201464 -0.0015204849458344814 0.9999981281608766 -0.0009700171583927106 0.0018506171638493435 0.9999978171390301 0.0005334776123114548 -0.00018188056392334917 0.9999998411605362 -0.0001745755508599868 0.0007460251635896273 0.9999997064848731
0.5 0.00036784649928522397 -0.00033483571291588514 0.9999998762869915 -0.0010976089555162734 0.001357867131817971 0.9999984757245549 0.001338951132813263 -0.002142426926288448 0.9999968086032722 -0.0012035333076760365 0.0002983966566053553 0.9999992312332108 0.001565031348024113 -0.002242149351633989 0.999996261714595 -0.0017592412774085089 0.0019127620918630993 0.9999966231999525 0.0016328054663700047 -0.0015823611172626673 0.9999974150364609 -0.0013246492383442144 0.002026807723572828 0.9999970686731272 0.0007217876141464467 -9.579387033011712e-5 0.9999997349230523 -0.00023641876037661807 0.0008102649132515148 0.9999996437884067
0.6 0.0004725388028649606 -0.00030668210538085136 0.9999998413265704 -0.0014172729692672713 0.0014740429794830778 0.9999979092651271 0.0017177264436135065 -0.002252479296880699 0.9999959878683924 -0.0015130947712601386 9.063639100860865e-5 0.9999988511639691 0.0019904256615562426 -0.002317336602208733 0.9999953340674935 -0.002245492857733933 0.0019020133023540972 0.9999956700442375 0.002081906105721399 -0.0015355989226834162 0.9999966537958593 -0.0016900472978332761 0.002113699143419033 0.999996338001326 0.0009081422341951527 5.159697679997717e-5 0.9999995863076317 -0.0002981731073811529 0.0008013216884495753 0.999999634488108
0.7 0.000578513147746943 -0.00023544738123808706 0.9999998049435153 -0.001741126118409672 0.00159035248865959 0.9999972196255357 0.0020962156012470858 -0.0022724787334089634 0.9999952208488595 -0.0017970882416436795 -0.00020341643498595732 0.9999983645464655 0.002399460277695081 -0.0022899316724592322 0.9999944993865273 -0.0027189318809901766 0.0017759019758754862 0.999994726776896 0.002517104470091983 -0.0013804144086752086 0.9999958793120836 -0.002044230786800623 0.0021078657779177753 0.9999956890018841 0.001075019484024058 0.00026519131383820213 0.9999993870031503 -0.0003542918184909815 0.0006927376088509937 0.9999996972959105
0.8 0.0006835124685061362 -0.00010830678364989223 0.9999997605401444 -0.0020557552790918155 0.001726907585650994 0.9999963958237165 0.0024585013010847007 -0.0022038405648109522 0.9999945494142043 -0.002032806052714904 -0.0005744304499580232 0.9999977688621161 0.0027672205371296926 -0.0021674248913425205 0.9999938223608382 -0.0031524157850860717 0.0015411178821023582 0.9999938435962451 0.0029120960337379325 -0.0011239231507041737 0.9999951282348538 -0.002365520371405778 0.002009106432055255 0.9999951838907613 0.001202692527406874 0.0005459438695928126 0.9999991277376076 -0.00039799916393583405 0.0004646963253069122 0.9999998128269779
0.9 0.0007876021186844436 9.133200835374494e-5 0.999999685670634 -0.0023492891829650395 0.0018944229052772618 0.9999954459907259 0.0027908040300113 -0.002051831737675772 0.9999940006816974 -0.002199457153242906 -0.0010057620784879103 0.9999970754111597 0.0030715338633839754 -0.001963301644781116 0.9999933555411146 -0.0035213662517552635 0.0012106440886904442 0.9999930671362735 0.003242475081509406 -0.0007800957361842084 0.9999944388875311 -0.0026338621983120914 0.0018204438285963557 0.9999948743639575 0.001269959630899844 0.0008896465254050413 0.9999987978650754 -0.0004209819647349012 0.00011281069781606966 0.9999999050239615
1.0 0.0008931581412879682 0.0003824635589253644 0.999999527994969 -0.0026116423623999173 0.002086418997285947 0.9999944130743625 0.003081527516223417 -0.0018256666674334383 0.9999935855441205 -0.002279337784708012 -0.001473463317742946 0.9999963167557743 0.0032945155245819335 -0.0016962144371745875 0.9999931344884531 -0.0038053063524244994 0.0008028760425270303 0.9999924374882165 0.0034870816986473587 -0.00036932448413360997 0.9999938519114269 -0.002832126117579924 0.001548741661172776 0.9999947902168898 0.0012555542281990563 0.001286473902839698 0.9999983842829334 -0.00041325733496985366 -0.00034551545043219156 0.9999998549187138
1.1 0.0010037397449116137 0.0007832667754035049 0.999999189499513 -0.0028340528090727416 0.0022749888937779457 0.9999933962632997 0.003320971117161183 -0.0015385589673826982 0.9999933019711397 -0.00225892843166163 -0.0019470999933387755 0.9999955530120904 0.0034238926583385295 -0.001388818600140781 0.9999931740476832 -0.003989165172747284 0.0003403727899925614 0.9999919853216767 0.0036292390432747833 8.252692246128068e-5 0.9999934108849288 -0.0029472705022037817 0.0012060108972479346 0.9999949295542966 0.0011402444200770676 0.0017216540328809811 0.9999978678727538 -0.0003634361733553812 -0.000870067388873281 0.9999995554483447
1.2 0.0011216828707638253 0.0013063344357042202 0.9999985176578411 -0.0030079694988758387 0.0024122223014179088 0.9999925666239037 0.0035010443663492786 -0.001207371191706909 0.9999931424480621 -0.0021299450244764303 -0.0023918529455902774 0.9999948711736873 0.0034539773509704485 -0.0010663523525096484 0.9999934664452161 -0.004064247323654649 -0.00015165814411893994 0.9999917294125485 0.00365785418976404 0.0005457432230938304 0.9999931611101452 -0.0029712658298016214 0.0008111017371249718 0.9999952568354215 0.0009093566025420878 0.002177135805356808 0.9999972165712536 -0.00025964085110389835 -0.0014033858182025015 0.9999989815469184
1.3 0.0012447593355709528 0.001953317859825672 0.9999973175581697 -0.0031236714624489127 0.002437832522274362 0.9999921497937813 0.0036153315647328215 -0.0008514626128048874 0.999993102170758 -0.001890335498544188 -0.0027722241719187893 0.9999943706865773 0.003386152058385464 -0.0007550689540688139 0.9999939819044473 -0.0040287694502065315 -0.0006469905170687139 0.9999916751753427 0.003568339794142491 0.000989153212240612 0.9999931442400175 -0.0029016995352167613 0.0003910917459332966 0.99999571358434 0.0005552212303343208 0.0026336098035286844 0.9999963779078344 -9.126136000806654e-5 -0.0018817627164721881 0.9999982253186469
1.4 0.0013628373408767463 0.002710392777469929 0.9999953982120988 -0.0031691825693060676 0.0022916391051095897 0.9999923523067835 0.0036596854236215157 -0.000490544577826198 0.9999931830110732 -0.0015451134575605301 -0.0030572525577255995 0.9999941328983893 0.0032287503762981604 -0.00048064171348941997 0.999994672063082 -0.003887883869375426 -0.001119939837697367 0.9999918150133923 0.003363280084455782 0.0013832614082332191 0.9999933874456121 -0.002742038671182995 -1.8528588356785244e-5 0.9999962404332414 7.89548406976758e-5 0.0030720008901669064 0.9999952782771847 0.0001485826258322897 -0.0022483778283565793 0.9999974613569499
1.5 0.001455851154824491 0.0035459510645144115 0.9999926533372449 -0.0031299374275945385 0.0019280095160553953 0.9999932431126749 0.003633222580173788 -0.00014179868678646483 0.9999933897715602 -0.001106784476894059 -0.0032265397201616058 0.9999941822178549 0.0029962774501325284 -0.0002666521828034188 0.9999954755987926 -0.0036531485573643913 -0.0015466801047880612 0.9999921311121759 0.003052724611970689 0.001703839224249264 0.9999938888834979 -0.002501582659779498 -0.0003756466414282936 0.9999968004817801 -0.0005088826315556694 0.0034737904413788016 0.9999938368902265 0.0004604952606521503 -0.002464407736140045 0.9999968573143743
1.6 0.0014942699518298173 0.004411497811063378 0.9999891528633569 -0.0029893409138306375 0.0013286596629003592 0.9999946492378853 0.00353927591492071 0.0001829554876486308 0.9999937200069248 -0.000595013244477028 -0.003275780696650264 0.9999944575946741 0.002708018949122734 -0.00013323465100504325 0.9999963244341946 -0.0033414658879286348 -0.0019062099734954727 0.9999926004572517 0.002653968004200666 0.0019354257774743344 0.9999946052758949 -0.0021951737741699143 -0.0006355823876445776 0.9999973886201553 -0.001188924998399272 0.0038201906987603636 0.9999919962681567 0.0008371465248350942 -0.0025146728282498783 0.9999964877969636
1.7 0.001442582645714653 0.0052460277119767 0.9999851989647426 -0.002730110366242242 0.0005105432486600599 0.9999961429140511 0.0033856863366749875 0.00047888513208111744 0.9999941538814414 -3.518612365045036e-5 -0.0032201338030762995 0.9999948147366702 0.0023862180014978863 -9.589390509200201e-5 0.9999971483799385 -0.002973594273206415 -0.0021809856394257813 0.999993200496253 0.002190686286360003 0.0020739731231568213 0.9999954497541872 -0.0018427262384082045 -0.000756946109587661 0.9999980156943301 -0.001934747191210177 0.004090984819922619 0.9999897602458284 0.0012633503276275864 -0.0024064361272314572 0.9999963064987367
1.8 0.0012653174308066976 0.005983365774498814 0.9999812989780399 -0.0023362571267546823 -0.0004731857224297548 0.9999971589949193 0.003183917041510922 0.0007474589837660037 0.9999946519743694 0.0005442828220096105 -0.003093898469515739 0.9999950657620617 0.002054116851354476 -0.00016446104298068498 0.999997876776009 -0.002572419190447106 -0.002357384839562556 0.9999939126795858 0.0016913660110757312 0.002127836799145828 0.9999963057889628 -0.0014685705463750092 -0.0007080690310416053 0.9999986709685157 -0.0027152431299071727 0.004264312033453644 0.9999872214671679 0.0017180580573823378 -0.002162520329546338 0.9999961858838943
1.9 0.0009342434200837954 0.006561266192167187 0.9999780382464344 -0.0017956650006691562 -0.0015394296241972622 0.9999972028679067 0.0029468633250061584 0.0009929489851519134 0.9999951650127399 0.001115681017887473 -0.002945694373092443 0.9999950390579578 0.0017342141735372638 -0.0003421339078331303 0.9999984377215744 -0.0021612247099079855 -0.0024262755404181693 0.9999947211334445 0.0011870776041613372 0.002116546303178542 0.9999970555349192 -0.0011005017191251507 -0.00047230141027452963 0.9999992829134149 -0.0034970416746547346 0.004318469822151615 0.9999845606397736 0.0021775952167647655 -0.0018118965469047506 0.9999959875469377
2.0 0.0004350244688343866 0.006930587220948958 0.9999758885665616 -0.001103205593110727 -0.002587245794573551 0.9999960445404862 0.002685801146452568 0.0012166353701617359 0.9999956531258413 0.0016561002058419923 -0.00282953553509383 0.9999946255159393 0.001447038305666661 -0.0006245905137923061 0.9999987579826447 -0.0017622046769337665 -0.002383966356204054 0.9999956056598895 0.0007087812993055853 0.002067294384562244 0.9999976119586472 -0.0007683182988035513 -5.0521118464772774e-5 0.9999997035672602 -0.004246503954583584 0.0042359113607671126 0.9999820119677691 0.0026189382611216693 -0.0013815571091533923 0.9999956162215606
2.1 -0.00022821597991624486 0.007062722926484931 0.9999750326194801 -0.0002640452016979954 -0.0035131814749811046 0.9999937938987697 0.0024074660824696327 0.001410328388103412 0.9999961075328742 0.0021509200700215035 -0.0027935547615746312 0.9999937847780089 0.0012105688986569485 -0.0009992743694589928 0.9999987679860791 -0.0013953759612671203 -0.0022336634991329514 0.9999965318306356 0.0002844772829147567 0.002009755832534113 0.9999979399749627 -0.0005016295772551304 0.0005401581914191288 0.9999997282984109 -0.0049311814485231975 0.0040083904932324485 0.9999798079237278 0.0030219066351492145 -0.0008925873410446695 0.9999950356717413
2.2 -0.0010314003170944024 0.006953769230622146 0.9999752903481531 0.0007036022820021247 -0.004226683100763202 0.999990820004761 0.0021125335970553966 0.001551530285050826 0.9999965649718883 0.0025956270203515187 -0.0028691860138221493 0.9999925152179837 0.0010401901730907699 -0.0014451038877721012 0.9999984148383223 -0.0010779111919789455 -0.0019872555637597865 0.9999974444581279 -6.340609035670651e-5 0.0019704710300923645 0.9999980566099054 -0.00032688049410809525 0.0012713872977512493 0.9999991383613698 -0.005520977386654751 0.003641249716575616 0.9999781298154464 0.0033697577393005497 -0.000361274498910883 0.999994257090267
2.3 -0.001932402334312301 0.0066245763434977685 0.9999761901212888 0.0017672016845782467 -0.00466257009647286 0.9999875686418814 0.0017965819765497816 0.001602515116959004 0.9999971021150519 0.002995221836199158 -0.003063908537747608 0.9999908205131807 0.0009488117726783077 -0.0019329909258665047 0.9999976816484629 -0.0008237347964447039 -0.0016668742163792275 0.9999982714941721 -0.0003199651824009013 0.001968350842540064 0.9999980116066445 -0.00026390593095432165 0.0021109842128045537 0.999997737047096 -0.005989424778483843 0.003154712170535392 0.9999770870284699 0.0036484767199598013 0.00019625143958909688 0.9999933250292207
2.4 -0.0028760989895605534 0.006116677220056567 0.9999771568962904 0.002880781923856445 -0.004788308011556715 0.999984386479056 0.001453915483346859 0.0015146994131259798 0.9999977959052986 0.003361057559275123 -0.0033599826598766204 0.9999887068405365 0.000946654389997908 -0.002427583503555535 0.9999966053361378 -0.0006430880983536386 -0.0013053771714174201 0.9999989412135086 -0.00047873084479921666 0.002012694623996665 0.9999978599362745 -0.000322758805642131 0.0030305260691037075 0.9999953558584649 -0.006315359787700249 0.002580926066475097 0.9999767272548854 0.0038456521160110915 0.0007589231212146018 0.9999923174682388
2.5 -0.003801794640535529 0.005484832603367851 0.9999777312364632 0.0039880959451712335 -0.004604996562801431 0.9999814443765387 0.0010835687574206694 0.001238110201854263 0.9999986464800221 0.0037056761100188037 -0.003720061856403983 0.9999862144571555 0.0010402589989517905 -0.00289049930802804 0.9999952814263502 -0.0005417380223672929 -0.0009448362016730282 0.9999994069020577 -0.0005412730692641736 0.002104426783202865 0.9999976392029027 -0.0005018372408256488 0.004010675984782107 0.9999918312854004 -0.006484897003075436 0.001957155944223877 0.9999770575625572 0.003949939319796314 0.0012983626859400905 0.9999913560794942
2.6 -0.004651774190257575 0.004787454486112869 0.9999777203900225 0.005027614749992725 -0.004142375295820179 0.9999787816833086 0.0006957717010982741 0.0007339915002840923 0.999999488578978 0.004036891797492148 -0.004098582770353677 0.999983452425034 0.0012305737812688255 -0.003284966240307035 0.9999938473235567 -0.000519629912271978 -0.0006324108825645256 0.9999996650205588 -0.000515474495576272 0.002240217214579315 0.9999973578529474 -0.0007882452074640988 0.005042395834312883 0.9999869763720641 -0.006493195509349559 0.001317254332684381 0.9999780513856794 0.003951660784528527 0.0017809748004899329 0.9999906062087803
2.7 -0.005379418492350836 0.004076486368540318 0.9999772217983626 0.005938627955533547 -0.0034494321760388576 0.9999764167797502 0.00031657463316352825 -1.2768485461027223e-5 0.9999999498087325 0.004352803311078685 -0.004456050961542173 0.999980598168366 0.0015104420276811621 -0.0035813006254781423 0.999992446396827 -0.000569066685142087 -0.00041365391601391765 0.9999997525267422 -0.00041278827996029174 0.002418100237751313 0.9999969911940118 -0.0011607775734490248 0.00612353642443808 0.9999805772599204 -0.006345251036738768 0.0006845825843569646 0.9999796343606034 0.0038442909658875533 0.0021739532010000124 0.9999902476296704
2.8 -0.005955287878044897 0.00338854399532852 0.9999765258824236 0.0066676943029652415 -0.002583072741741642 0.9999744344671483 -1.149436966012157e-5 -0.000985143215721906 0.9999995146802444 0.004639428468742196 -0.004772322259816705 0.9999778500765565 0.0018623135537761389 -0.0037621735475935445 0.9999911888803948 -0.0006728679894904068 -0.00032418886771021303 0.9999997210750845 -0.0002451617032125963 0.0026425256336387363 0.9999964784708069 -0.0015950533109338862 0.007251973146663644 0.9999724319652095 -0.006055007260628687 6.934452938642785e-5 0.9999816658711349 0.003625876699704648 0.0024525531974642547 0.9999904189545881
2.9 -0.0063699405232602 0.0027392202043402757 0.9999759599762398 0.0071747014666626785 -0.0015975420021528295 0.9999729853943133 -0.00023391819264861844 -0.002132384713362521 0.9999976991062096 0.004872121853261827 -0.005055087263516451 0.999975353956989 0.0022573261795776696 -0.003826334616896389 0.9999901317722683 -0.0008032961817760175 -0.0003815503203610367 0.9999996045672206 -2.254612066222103e-5 0.002926770125346776 0.9999957167449797 -0.002069422857174342 0.008417873108562613 0.999962427744846 -0.005642516456031463 -0.0005281972195430866 0.9999839413789307 0.003299292906481528 0.0026050909793879696 0.9999911640446162
3.0 -0.00663290157594986 0.0021222328987928443 0.9999757500780743 0.0074376845017580795 -0.0005368751420478218 0.9999721959206337 -0.0002935544722268997 -0.00337649199257798 0.9999942565473043 0.005020901610505482 -0.005340988122631054 0.9999731318354967 0.002656861872314476 -0.0037895371458757823 0.9999892901892558 -0.0009226779954120759 -0.0005794578412667131 0.9999994064467873 0.00024812344794522523 0.003291386460056503 0.9999945525901255 -0.0025697032204899843 0.009598260658559303 0.9999506337903332 -0.0051296286558969026 -0.0011094217616052704 0.9999862279517693 0.0028707687224549913 0.0026329268602629224 0.9999924131627653
3.1 -0.006767936264827859 0.0015142870046296578 0.999975950697607 0.007455388397811164 0.0005682579751141353 0.9999720467426635 -0.00014307689905328997 -0.004625539259772771 0.999989291900447 0.005058552870689054 -0.005688810549960734 0.9999710238188809 0.0030171665235863222 -0.003681910229991517 0.9999886700574299 -0.000986465899133238 -0.0008866280543971815 0.9999991203874746 0.000561981032772909 0.003758691790949362 0.9999927781805924 -0.0030908590515921295 0.010756456566677446 0.9999373706550088 -0.004535488445145179 -0.0016669365448892543 0.99998832526541 0.002347078048205576 0.002544899087006194 0.9999940073386805
3.2 -0.006805438123030917 0.0008851014172076941 0.9999764510264404 0.007246590403513177 0.001699072952632198 0.999972299655658 0.0002424768962508129 -0.005790635073449805 0.99998320473416 0.004969355405152926 -0.006166417141448035 0.99996863991152 0.0032966934364136256 -0.0035418824338556473 0.9999882933720831 -0.0009489333016319504 -0.001251327663640702 0.9999987668515734 0.0009134778822585456 0.004344778301282022 0.9999901441812671 -0.0036345667364384676 0.01184733242268022 0.9999232123713826 -0.0038735700950398863 -0.002176217724653138 0.9999901297168555 0.0017326711606337414 0.0023483258404612844 0.9999957415991311
3.3 -0.006773303643394297 0.00021036992080517575 0.9999770387875168 0.006845673357220629 0.0028434162259328285 0.9999725254928018 0.0008564796854792406 -0.006802238979292604 0.9999764977175298 0.004755934718183458 -0.006834862929799765 0.9999653322659179 0.0034647346090432613 -0.0034077802677829204 0.9999881912541444 -0.0007708661545140534 -0.0016113767666700504 0.9999984046138712 0.00129274066926914 0.005051639765580241 0.9999864047862055 -0.004203035668574751 0.012827186515582005 0.9999088947385472 -0.003151741192553094 -0.00259312362367799 0.9999916710839784 0.001028376939350782 0.002040546039176686 0.9999973893029586
3.4 -0.006688157825030133 -0.0005158959814309447 0.9999775009450181 0.0062948840315542355 0.003988499806179115 0.9999722327666531 0.0016577573555440516 -0.0076217918889589726 0.9999695796017756 0.004442218559883235 -0.007733910720392526 0.999960225868627 0.0035090256055058796 -0.0033091137671437156 0.9999883681850384 -0.00042772792005304664 -0.0019076192338511047 0.9999980890170166 0.0016825382737984014 0.005862297230372752 0.9999814010951105 -0.0047910526699554284 0.013665194137489164 0.999895148644846 -0.0023758785935545285 -0.0028592129464153453 0.9999930900272439 0.00023289894235570892 0.0016051009575903002 0.9999986847036343
3.5 -0.006549114992671556 -0.0012735208891462096 0.9999777433710001 0.005634873314508011 0.005113939101356005 0.9999710474956749 0.0025753876197563267 -0.008245965746620296 0.9999626850175529 0.00407160349024437 -0.008872682154184427 0.9999523476428309 0.003439754494250977 -0.003259994388995979 0.9999887701997473 8.384648002330317e-5 -0.0020975292686611184 0.9999977966679403 0.0020575048531242053 0.006741068444847995 0.9999751620265381 -0.005379307219111573 0.014352531544548932 0.9998825270461053 -0.0015561837934993062 -0.0029139755486280237 0.9999945435043647 -0.0006527803002220379 0.0010149028844571395 0.9999992719247424
3.6 -0.006336137287237876 -0.0020157454177058922 0.9999778948230248 0.00489606258103162 0.006187439643359149 0.9999688715964423 0.0035206269772606797 -0.008702818305235118 0.9999559320986267 0.0037007523828740518 -0.01022762771844103 0.9999408482820641 0.003288007920119917 -0.0032568710238511933 0.9999892908401826 0.0007434312755213966 -0.0021651216590070875 0.9999973797756374 0.002386803120885598 0.0076395406484189516 0.9999679697818042 -0.005932082138485728 0.014905779825316122 0.9998713057835501 -0.0007140811410859467 -0.002710373978311779 0.9999960719727962 -0.0016194084974710736 0.0002417993328714484 0.999998659523702
3.7 -0.006014222230738504 -0.0026770932348550327 0.9999783309166111 0.004093637482997483 0.0071648397756644095 0.9999659530219751 0.004403202851643791 -0.009041201603480552 0.9999494329605935 0.0033905221309554947 -0.01174790608479684 0.999925242736827 0.003098110979561096 -0.0032817538272833543 0.9999898158482294 0.001509591338846682 -0.00212398308004519 0.9999966049091694 0.0026403326998149053 0.008506887426498699 0.999960329967918 -0.006401169744359228 0.015362989030678804 0.9998614922047689 0.00011307101764268216 -0.002228593812000295 0.9999975102891838 -0.0026443444010093497 -0.0007309393809502954 0.9999962365780733
3.8 -0.005543144811213296 -0.0031877819694860455 0.9999795555868715 0.0032282273423229263 0.007994951594264084 0.9999628289577727 0.005147828833583643 -0.009316428829539845 0.9999433504014937 0.003196097111111362 -0.013366318511735076 0.9999055587867783 0.002915207225903866 -0.0033105345185258615 0.9999902709166884 0.0023282453816529524 -0.0020119811627563856 0.9999952655914145 0.002797170973955609 0.00930159674182822 0.9999528269536493 -0.006735747453642124 0.015773257469904645 0.999852906209223 0.0008719416877966112 -0.0014832622534741288 0.9999985198242948 -0.003689970089101947 -0.00189824802431433 0.9999913903505268
3.9 -0.004890706366832265 -0.003490624096065477 0.9999819481043913 0.00229260967600414 0.008628089204313346 0.9999601492147355 0.005706734339711263 -0.009576056762413005 0.9999378642296025 0.003158415756727105 -0.015012703705348652 0.99988231464376 0.0027712059125365777 -0.0033243699049196563 0.9999906344474061 0.003145099100883281 -0.0018786025611778226 0.9999932895795165 0.002853702224015004 0.010001038621318691 0.9999459163425348 -0.006895663394528158 0.01618298478332979 0.9998452684439988 0.0014990353618132266 -0.0005215383296176291 0.999998740444584 -0.0047072854524449195 -0.0032295401760884636 0.999983705634207
4.0 -0.004045994541375242 -0.0035551757546313876 0.9999854952215682 0.0012825733973672792 0.009025872562941507 0.9999584434515056 0.006065258773618255 -0.009849460951680334 0.9999330981395558 0.0032985119637797917 -0.016626396478666355 0.9998563310590973 0.002673289558714425 -0.0033209217887670136 0.9999909124594125 0.00391910431589649 -0.0017682221173394958 0.9999907569632356 0.002828406608412384 0.010605848635370039 0.9999397562307347 -0.006863980647917023 0.016623224927312878 0.9998382640020741 0.0019314641987216521 0.0005874007351901042 0.9999979622011363 -0.005644435825198668 -0.004673680150548433 0.9999731481685225
4.1 -0.003028583464654602 -0.003384446300588622 0.9999896865495344 0.00020824304293444532 0.009169361505646182 0.9999579388376364 0.006239654546143738 -0.010143663511702154 0.9999290838863056 0.0036156047949344565 -0.018164935088857834 0.999828466555731 0.0025990364795841236 -0.003321994241501534 0.999991104642255 0.004633085206039206 -0.0017041263126432867 0.999987815163257 0.0027609003137914413 0.011137700367553816 0.9999341623626927 -0.0066543612424226 0.017102252152053597 0.9998316020449559 0.002119687335857123 0.001768012263777395 0.9999961905218605 -0.006457900257398675 -0.006171226103080599 0.9999601049505176
4.2 -0.0018901889893659528 -0.003011789544296328 0.9999936781346798 -0.0008984389640371164 0.009063000529881952 0.9999585265543882 0.006268384404965727 -0.01044598515732152 0.9999257916220808 0.004088902100780722 -0.01960738118500044 0.9997993956202796 0.0025007327126756146 -0.003374895009688168 0.9999911781708744 0.0052979476329890075 -0.001678257633086515 0.9999845574818619 0.002704446565746545 0.011631174931355884 0.9999286983272803 -0.006310148615555636 0.017605662952995694 0.9998250960325188 0.0020379756707767727 0.0029539978779614144 0.999993560255116 -0.007122742177496192 -0.00766951152493844 0.9999452210680552
4.3 -0.0007071156506200259 -0.0024889639070148893 0.9999966525174603 -0.0019833038112344104 0.008733121790167496 0.9999598987408398 0.006199712784074757 -0.010732156830437278 0.9999231892356343 0.004682383286245492 -0.020952069653776884 0.9997695164706633 0.0023188755474368044 -0.0035464718032432716 0.9999910226366756 0.005948364360532733 -0.0016502175318701979 0.9999809466902516 0.002713299732601112 0.012122378207569583 0.999922839998744 -0.005894576330964308 0.018103758720971235 0.9998187375169817 0.0016887387072956038 0.004098826603294272 0.9999901738427506 -0.0076382653481135345 -0.009134940585950468 0.9999291023682444
4.4 0.0004354291391472099 -0.0018695099668022321 0.9999981576652772 -0.002977449795147854 0.008221464401118136 0.9999617704271591 0.006078955981732069 -0.01097714865057342 0.999921271151722 0.0053514774256378985 -0.02220999524640021 0.9997390048410223 0.002001896053610607 -0.00391079166743508 0.9999903490137915 0.006630186942660239 -0.0015564318250132535 0.999976808801624 0.002828196095849444 0.012638037559063113 0.99991613714026 -0.005474607544786311 0.018563553402101883 0.9998126940368972 0.0010988703279548484 0.0051780633721158174 0.9999859899737179 -0.00802670710726593 -0.010557969402396075 0.9999120467596699
4.5 0.0014632027357925617 -0.0011932003377333432 0.9999982176537657 -0.003810634457621845 0.007575765284318885 0.9999640427762327 0.0059383471706939755 -0.011165557094048529 0.9999200299862284 0.006050569908083586 -0.02339604670943507 0.9997079651589045 0.001526754276878646 -0.004533255499635328 0.999988559242531 0.00738244681635239 -0.0013273372859639537 0.9999718684316741 0.0030643143506078807 0.013188540927106024 0.9999083319813746 -0.005103382325418387 0.018961420268795014 0.9998071914275427 0.000309225139802317 0.006183476925500944 0.9999808343128006 -0.008324932745043081 -0.011949149367069757 0.9998939510389059
4.6 0.0023310272940748307 -0.0004768264217217001 0.9999971694701529 -0.004426380989437662 0.006840443452804151 0.9999668071914714 0.005791453738443716 -0.011298837864514468 0.9999193944146233 0.006740434997391158 -0.024520732114773517 0.9996765978218163 0.0009140809413280821 -0.005455142057269129 0.999984702823582 0.00821891099450317 -0.0009078864380692826 0.9999658120377316 0.003405750758501296 0.013766886931709198 0.9998994317860076 -0.0048071855383430865 0.019292409786981563 0.9998023274086789 -0.000638994295564128 0.007111995766341472 0.9999745052762643 -0.008571691441488019 -0.013328063456723676 0.9998744365320705
4.7 0.003033188872573681 0.00028586538912974123 0.9999953590123519 -0.004793979922264954 0.006050211613384847 0.999970205904125 0.005632756318691035 -0.011397775949763867 0.999919178113738 0.0073948234179848195 -0.025584702583852988 0.999645306886554 0.00023260948150878537 -0.006682652727340615 0.9999776437727769 0.009114869609371476 -0.0002755645940835925 0.999958420743662 0.003808810600014352 0.014353340625416126 0.9998897312077487 -0.004581610856628531 0.01957360023570751 0.9997979210899426 -0.001715933940456119 0.007954398190995969 0.9999668910119631 -0.008794806060863245 -0.014709577982759734 0.9998531290654249
4.8 0.003602292654431711 0.0011155973916834162 0.9999928894397657 -0.0049135390518631385 0.005228187281304061 0.9999742612646275 0.005441863009263475 -0.01149989466803159 0.9999190659996502 0.008005328039558078 -0.026577464582384417 0.9996147023225254 -0.00040962969534638616 -0.008183476377008319 0.9999664308955073 0.010003943179899622 0.0005493476001152731 0.9999498084094358 0.004213746074753143 0.014923618024449121 0.9998797577554402 -0.004398669384340079 0.019840867438063917 0.9997934745170888 -0.0029085089045277246 0.008688528377287513 0.9999580241443085 -0.009002955185203073 -0.016092726694828596 0.999829971017802
4.9 0.004096453510773062 0.00203385710376595 0.9999895411922646 -0.004812634293608638 0.0043881960729203525 0.9999787909182783 0.0051910787434874565 -0.011652748409546427 0.9999186297674341 0.008583526368256097 -0.027480337766624736 0.9995854911468643 -0.0008861091810322504 -0.009891868782079705 0.9999506816551091 0.010787049080352523 0.0015043003991602373 0.9999406865671818 0.0045617867237744926 0.015457521396933427 0.9998701191325554 -0.004222841723174147 0.02014047109007867 0.9997882420953204 -0.004217663478686543 0.00927977908730227 0.9999480471578868 -0.00918506451868377 -0.017456302721902302 0.9998054371151766
5.0 0.00457864864873937 0.0030493979422455014 0.999984868459889 -0.004535934917339993 0.0035393263230091274 0.9999834490948362 0.004854735331375716 -0.011905011334235282 0.9999173477092966 0.00915941163654119 -0.028272423368735318 0.9995582900738363 -0.0010797269427928835 -0.011720854247017463 0.9999307254832452 0.011352180161488767 0.002495700605917731 0.9999324474603607 0.004812279531095457 0.015945245863412387 0.9998612859292382 -0.00403085152748401 0.0205182708972978 0.9997813524943083 -0.005648801280076579 0.009688544590521174 0.9999371095963064 -0.009317515579989444 -0.018762550119648856 0.9997805512293306
5.1 0.0050947414308225945 0.004150004866195219 0.9999784103016243 -0.004131458537243738 0.0026902305088951574 0.9999878467812316 0.004418727007995605 -0.012297674851993231 0.9999146173773358 0.009775589001458937 -0.028937513398873307 0.9995334202406463 -0.0009107318722149086 -0.013578342635576392 0.9999073953015488 0.01160029483102418 0.0034177080725238 0.9999268735419428 0.004954553384790727 0.016389969010503477 0.9998533999125031 -0.0038285347243721527 0.0210095842438677 0.9997719438410764 -0.007199490637483081 0.009881590722910066 0.9999252579564863 -0.009376411097920086 -0.019967180196901767 0.9997566677096519
5.2 0.00565742544984513 0.005302568020858782 0.999969937702961 -0.003638113720107511 0.0018512072208349806 0.9999916685454862 0.003888692705185678 -0.012857573137102006 0.9999097763708827 0.010477682410591854 -0.029469630236897103 0.9995107598545416 -0.0003570054076916269 -0.015383076770242204 0.9998816097399831 0.01147038470892259 0.00417326368173857 0.9999255042976312 0.005010522488947059 0.016806988360836203 0.9998461980757973 -0.0036588185678386675 0.021631976838275144 0.9997593063456603 -0.008849746093317939 0.009842767617455405 0.9999123971227243 -0.009350159390583118 -0.021031581212565466 0.9997350884664747
5.3 0.0062413633352485015 0.006461142599662055 0.9999596486958983 -0.003078333353676947 0.0010334935563049606 0.9999947278635188 0.0032953629470697933 -0.013594680110811257 0.9999021578413219 0.011302563817062653 -0.029875485311597966 0.9994897235232375 0.000539028743659029 -0.017076823616864852 0.9998540351187127 0.010956779381824554 0.0046916771236627484 0.9999289660527619 0.005026990817250659 0.017220916476994017 0.9998390717505573 -0.003597727952260277 0.022381928447895157 0.9997430197968551 -0.010559106341073982 0.009578921052252751 0.999898369608008 -0.00924758438388985 -0.021932599338090532 0.9997166814999827
5.4 0.006791106162156427 0.007579454818831394 0.9999482150300303 -0.002457572991126619 0.00024664189700843555 0.9999969497467319 0.0026955813180156254 -0.01450353671373346 0.9998911847116921 0.012267206212409548 -0.030173191761654804 0.9994694063104967 0.0016792252901189676 -0.018630496358054707 0.9998250270961803 0.010113528180057766 0.00493834499567757 0.9999366626424171 0.005059844915333751 0.017662844116633762 0.999831196706296 -0.0037391971163756852 0.023235137203873817 0.9997230350472286 -0.012272045918814953 0.009118842664258438 0.99988311496766 -0.009098414196577862 -0.022666534145914023 0.9997016790467643
5.5 0.007238908434523847 0.008622733061535322 0.9999366213311853 -0.0017698099089358027 -0.0005042726718362159 0.9999983067395458 0.002167952365791734 -0.015567988326210088 0.9998764612300937 0.01336137080499902 -0.030387927531721735 0.9994488719442023 0.0029322769282419175 -0.020043563378243645 0.9997948076076002 0.009044328592163893 0.004914884541298353 0.9999470206117235 0.005154790553311923 0.018168720702980826 0.9998216469562802 -0.004173157910988911 0.02414967765541443 0.9996996438041725 -0.01392985303089555 0.008505897673650467 0.9998667955779424 -0.00894605974902867 -0.023246549726883517 0.9996897348381458
5.6 0.007526040130775138 0.009574250198521787 0.999925843476948 -0.001006113991729206 -0.0012198413758526358 0.9999987498600453 0.0018029740312422845 -0.016767465845327074 0.9998577905751239 0.014546935803204727 -0.030546413377365213 0.9994274877591253 0.0041641005645026265 -0.02133768736722881 0.9997636537523792 0.007880458269659179 0.00465101210476659 0.9999581323554808 0.0053303741215052925 0.0187789110547442 0.9998094516513248 -0.004963632936927734 0.025071221635896583 0.999673344745048 -0.015484506337079073 0.007787435942904964 0.9998497816696926 -0.008835668836181343 -0.023695270812629336 0.9996801814067005
5.7 0.007620267659590326 0.010434525852551347 0.9999165226112772 -0.00016263690906141156 -0.0019050221426033028 0.9999981722182656 0.0016888985233133348 -0.01808272251160616 0.9998350677828549 0.01576506155242109 -0.030672566392566433 0.9994051513301011 0.005268013211593958 -0.02254663827049258 0.9997319126343331 0.006752518190391238 0.0041917544045630955 0.9999684158477709 0.00556804166465506 0.019537568858025847 0.9997936188609822 -0.0061333183694282 0.02593985582661169 0.9996446900201461 -0.016909320710507537 0.007005054869366693 0.9998324880095598 -0.008802305185480013 -0.024035940410524044 0.9996723428163868
5.8 0.007523765473155575 0.011214226231347293 0.9999088128840237 0.000754974493109173 -0.0025657944296618045 0.9999964233498335 0.0018961327996839413 -0.019499122418940848 0.9998080760352446 0.01695006523486781 -0.030786356093866707 0.9993822569802785 0.006186595713083747 -0.023705211325722363 0.9996998494495665 0.005763621632454319 0.00358457284911778 0.9999769654862892 0.0058117810793067975 0.02048982145129061 0.9997731694827485 -0.007658932764189189 0.02669818141123464 0.9996141995081135 -0.01820233685237226 0.0061891093582629175 0.99981516784777 -0.0088640035607262 -0.02428573404208347 0.999665760423409
5.9 0.007269588751050922 0.011924234677065985 0.9999024780981177 0.001731833033507782 -0.003205364704674218 0.9999933631737034 0.0024639273808240944 -0.02100646258305038 0.9997763037758041 0.018046597186510648 -0.030906531630241086 0.9993593480988592 0.006919768177618432 -0.024839805219718687 0.9996674951627739 0.004971012876202015 0.0028701898250442304 0.9999835253849699 0.005976901020358042 0.021675389769770882 0.9997471951111049 -0.009477905032806832 0.027300198314141922 0.9995823470270959 -0.019381342317819756 0.005358800066821865 0.9997978029740829 -0.009022198361773967 -0.024453546690782847 0.9996602542819047
6.0 0.00690898951750737 0.012567280528622393 0.9998971593738838 0.0027477425075242614 -0.003821944319419621 0.9999889212649967 0.0033931737957101243 -0.022595536578305635 0.999738929970385 0.019025188604822392 -0.03105612013653337 0.9993365597238081 0.007517525051775785 -0.025962657161523555 0.9996346468836549 0.0043806459929263105 0.0020791115833299185 0.9999882435487474 0.005965004956473695 0.023118958989267257 0.9997149255918519 -0.011503498156228574 0.027719973116378156 0.9995495348508733 -0.020472705899645935 0.004526803783519633 0.9997801640163962 -0.00926878526609572 -0.024542502347308315 0.999655818368614
6.1 0.006494890994320739 0.013134567827852155 0.999892643996818 0.0037823547974537475 -0.004409487467125365 0.9999831249638484 0.004647779297795444 -0.024252951890485 0.9996950497387675 0.01989141291494782 -0.031268080715079895 0.9993130834831707 0.008060148357848781 -0.027070580820805604 0.9996010292424041 0.003955312453609375 0.0012335907229322923 0.9999914168418261 0.005680947626376552 0.024819706989858508 0.9996758019373101 -0.013643343023071224 0.02795846042251887 0.9995159747007335 -0.021498643839046844 0.0037057401112688547 0.9997620095819354 -0.00959616158943153 -0.024555371332941375 0.9996524133024692
6.2 0.00606767549936425 0.013608629999425206 0.9998889880899644 0.004818912796781207 -0.004961424116309863 0.9999760808890357 0.006164772387592637 -0.025956649343802513 0.9996440606217056 0.02068561080517516 -0.03158795945251291 0.9992868989050359 0.008632022740594436 -0.028147819364729196 0.9995665002631975 0.003633043752041164 0.0003529331106842331 0.9999933381934677 0.005047686568796973 0.026743861484090973 0.9996295747591819 -0.01581618401590187 0.028046420080533173 0.9994814888950376 -0.022468101038736425 0.0029133096374788932 0.9997433155878909 -0.010005313111152077 -0.0244999006473683 0.999649762955915
